    88 000.26915958 -48.80985919  5.71
   124 000.40424537 +61.22280406  5.58
   194 000.62398938 +08.48557854  5.70
   343 001.08233885 -16.52888969  5.78
   379 001.17432297 +67.16638761  5.68
   418 001.27555231 +61.31396468  5.80
   476 001.42473238 +13.39628227  5.55
   531 001.61052855 +64.19616859  5.57
   655 002.01465535 -33.52933371  5.67
   671 002.07313617 -08.82402541  5.99
   729 002.25974230 +18.21202529  5.57
   814 002.50945435 -82.22399743  5.29
   840 002.57853868 -05.24851713  5.84
   841 002.58017518 +46.07227117  5.01
   873 002.67810574 -12.57980381  5.84
   950 002.93286698 -35.13339606  5.24
  1086 003.37889713 +41.03572671  5.71
  1191 003.72708897 -09.56955053  5.77
  1372 004.28766746 +47.94741495  5.86
  1493 004.65924059 +31.51723388  5.88
  1630 005.10163324 +30.93561514  5.89
  1647 005.16267858 -69.62491154  5.50
  1686 005.28010785 +37.96869954  5.16
  1708 005.37990144 -28.98129509  5.18
  1960 006.19786908 +61.83106347  5.38
  1982 006.27660700 +53.04678501  5.72
  2159 006.81119663 -25.54713325  5.99
  2225 007.05660466 +44.39448925  5.18
  2381 007.59446346 -23.78771429  5.17
  2383 007.60822774 -48.21469821  5.67
  2497 007.92171234 +52.83955844  5.59
  2611 008.29301467 +54.89508062  5.93
  2661 008.42108802 -29.55820696  5.55
  2711 008.61506261 -52.37318294  5.57
  2787 008.88645754 -00.50545908  5.94
  2802 008.92139531 -48.00066027  5.51
  2854 009.03453140 +54.16845384  5.08
  2876 009.11392475 +60.32621728  5.78
  2942 009.33844167 +35.39951013  5.45
  3170 010.10273354 -59.45568115  5.89
  3231 010.27998074 +39.45867141  5.30
  3299 010.51431560 +66.14761311  5.83
  3330 010.61790472 -65.46813002  5.38
  3456 011.04964742 -38.42197898  5.90
  3505 011.18515547 -22.00633247  5.22
  3521 011.23801546 -42.67632489  5.94
  3607 011.54845521 -22.52206718  5.49
  3675 011.75594336 +11.97393464  5.51
  3697 011.84843074 +06.74098135  5.98
  3721 011.94174879 +74.84758739  5.42
  3741 012.00437854 -21.72247464  5.57
  3750 012.03698124 +72.67445774  5.86
  3760 012.07226858 +07.29991977  5.92
  3909 012.53218487 -10.64377045  5.17
  3949 012.67136689 -50.98692422  5.24
  3951 012.68155194 +64.24758084  5.35
  4283 013.71984836 +83.70746159  5.59
  4293 013.75124739 -69.52697888  5.45
  4510 014.45895150 +28.99223560  5.44
  4552 014.55914315 +33.95105921  5.99
  4572 014.62916229 +66.35182541  5.97
  4587 014.68286462 -11.37993895  5.62
  4770 015.32593934 -38.91664868  5.59
  4852 015.60990729 -31.55204219  5.50
  4889 015.70452742 +31.80433674  5.50
  4890 015.70496560 -46.39733801  5.39
  5021 016.08145357 +61.58024409  5.83
  5164 016.52137513 -09.83936845  5.58
  5268 016.82738598 -61.77526197  5.36
  5296 016.94216802 -09.78559168  5.71
  5310 016.98795829 +20.73932115  5.56
  5317 017.00299391 +43.94224107  5.04
  5361 017.13936547 +58.26347937  5.77
  5454 017.45502008 +19.65838540  5.57
  5493 017.57852966 +42.08157668  5.67
  5518 017.66360631 +68.77868759  5.32
  5544 017.77822190 +31.42476555  5.15
  5566 017.85631897 +64.20272388  5.56
  5589 017.92237013 +65.01888517  5.57
  5626 018.06878934 +79.67397492  5.60
  5661 018.18902960 -37.85640391  5.95
  5778 018.53186747 +16.13354221  5.97
  6061 019.44993370 +03.61452038  5.13
  6514 020.91898254 +37.71499034  5.60
  6592 021.16988858 -41.49245885  5.42
  6706 021.56366085 +19.17232096  5.35
  6711 021.57749566 +43.45788606  5.98
  6732 021.67352916 +19.24056476  5.50
  6748 021.71481835 -13.05653391  5.51
  6999 022.52542506 +47.00737711  5.27
  7078 022.80632718 +70.26478860  5.82
  7118 022.93021487 -30.28292502  5.79
  7213 023.23355059 -36.86518161  5.49
  7276 023.42805448 -07.02514279  5.75
  7321 023.56915511 +37.23719753  5.90
  7345 023.65717247 -15.67635270  5.62
  7447 023.97777176 +17.43378965  5.95
  7450 023.99565496 -15.40021584  5.41
  7535 024.27483902 +12.14151058  5.54
  7568 024.36574940 -84.76965017  5.66
  7601 024.47908355 -82.97528876  5.88
  7643 024.61455891 -36.52795330  5.94
  7679 024.71544923 -21.27547447  5.58
  7719 024.83757938 +44.38612827  5.01
  7740 024.91986640 +16.40588595  5.98
  7825 025.16483499 +43.29776385  5.63
  7906 025.41350900 +30.04713542  5.97
  7921 025.44980076 -60.78924102  5.70
  7941 025.51256331 -36.83226421  5.70
  7943 025.51439571 +35.24576705  5.63
  7955 025.53602338 -32.32685759  5.25
  7965 025.58518510 +68.04304624  5.57
  7978 025.62146258 -53.74057470  5.52
  8016 025.73220374 +70.62255881  5.18
  8241 026.52557865 -53.52218065  5.04
  8387 027.04542790 +16.95563093  5.86
  8404 027.10843265 +03.68540364  5.91
  8423 027.16184118 +37.95293583  5.94
  8433 027.17366149 +32.68948705  5.78
  8588 027.71672491 +11.04344590  5.92
  8593 027.72699465 -50.20612713  5.94
  8598 027.73786884 +51.93369809  5.96
  8714 028.03897527 +50.79286359  5.70
  8778 028.21703176 -16.92912351  5.78
  8882 028.59191795 -42.49688104  5.12
  8993 028.96263355 +23.57734317  5.76
  9110 029.33763922 +17.81758940  5.09
  9222 029.63958177 +49.20425200  5.70
  9313 029.91189289 -42.03028941  5.57
  9353 030.03760293 +03.09763527  5.89
  9440 030.31165140 -30.00156583  5.34
  9572 030.74397324 -15.30594985  5.87
  9573 030.75078582 +64.39002289  5.59
  9589 030.79835710 +00.12845397  5.42
  9836 031.64130188 +22.64840404  5.03
  9990 032.16908619 +58.42360489  5.66
 10035 032.28888091 -43.51647088  5.84
 10212 032.83817716 +08.57008262  5.64
 10234 032.89933984 -01.82534866  5.94
 10306 033.19993262 +21.21098318  5.23
 10320 033.22691696 -30.72384252  5.27
 10326 033.25396814 -21.00023660  5.86
 10440 033.63317374 -41.16670109  5.91
 10540 033.94139916 +25.78309877  5.79
 10559 033.98456296 +33.35897589  5.25
 10642 034.24578955 -06.42185630  5.51
 10718 034.49925395 +57.89980835  5.75
 10723 034.50510951 +01.75689975  5.60
 10732 034.53144339 +19.90116135  5.58
 10819 034.82019851 +47.37998782  5.31
 10944 035.24238707 +50.15154156  5.57
 11029 035.50600237 -10.77733458  5.43
 11033 035.52073828 -17.66202807  5.89
 11046 035.55169522 -00.88474037  5.42
 11072 035.63508730 -23.81631542  5.19
 11095 035.71864225 -73.64582097  5.99
 11102 035.72772659 -51.09228926  5.90
 11220 036.10372497 +50.00663318  5.19
 11249 036.20435282 +10.61059804  5.48
 11258 036.22497693 -60.31162902  5.36
 11381 036.64651715 -20.04286354  5.89
 11432 036.86578353 +31.80134872  5.55
 11477 037.00704179 -33.81105246  5.13
 11486 037.04162643 +29.66953828  5.29
 11548 037.20224439 +29.93158402  5.89
 11738 037.87534312 +02.26720689  5.27
 11757 037.91716991 -79.10924959  5.27
 11791 038.03931801 -01.03481751  5.36
 11840 038.21940851 +34.54245642  5.84
 11867 038.27932880 -34.64992327  5.91
 12122 039.03865189 -30.04496366  5.74
 12148 039.14626535 +07.73007761  5.81
 12153 039.15728620 +12.44784628  5.64
 12181 039.23782977 +38.73398283  5.91
 12186 039.24425358 -34.57734519  5.78
 12225 039.35110362 -52.54308845  5.30
 12247 039.42407297 -03.39606767  5.65
 12273 039.50870051 +72.81821481  5.17
 12288 039.57748196 -30.19388274  5.84
 12332 039.70416245 +21.96144509  5.45
 12444 040.05209879 -09.45268375  5.79
 12484 040.16491631 -54.54992422  5.21
 12562 040.39221887 -14.54941172  5.98
 12608 040.52746495 -38.38371780  5.99
 12653 040.63816025 -50.80082665  5.40
 12768 041.02149224 +44.29705480  5.43
 12803 041.13737997 +15.31189952  5.78
 12821 041.20695883 +67.82470926  5.95
 12832 041.23961417 +12.44596709  5.17
 13108 042.13359632 +18.28387012  5.83
 13121 042.19112221 +25.18807322  5.89
 13141 042.25569560 -62.80659207  5.25
 13202 042.47562958 -27.94203549  5.39
 13265 042.66834974 -35.67571664  5.48
 13327 042.87319979 +15.08212726  5.52
 13339 042.92396836 +46.84200204  5.86
 13367 042.99478506 +68.88851683  5.94
 13473 043.39313847 -38.43708698  5.93
 13479 043.39695392 -22.37612257  5.93
 13679 044.05720205 +08.38177807  5.97
 13702 044.10825985 +18.02365076  5.58
 13717 044.15602146 -03.71221461  5.16
 13775 044.32200201 +31.93429432  5.10
 13782 044.34875521 -23.86207670  5.44
 13834 044.52114653 +20.66881016  5.80
 13942 044.90027293 -25.27433851  5.69
 13951 044.92151015 -02.46490094  5.56
 13965 044.95742747 +47.22063875  5.47
 14060 045.29152748 -07.66283629  5.75
 14086 045.40604298 -28.09048221  5.88
 14109 045.47562665 +26.46234187  5.91
 14110 045.48372163 -09.96139327  5.84
 14240 045.90376552 -59.73761994  5.12
 14293 046.06865515 -07.60089934  5.26
 14439 046.59869819 +13.18740263  5.64
 14502 046.82923690 +64.05760178  5.89
 14677 047.40303182 +29.07711221  5.74
 14764 047.66156390 +11.87269252  5.97
 14915 048.10987466 +06.66088598  5.55
 15004 048.34940955 +48.17699884  5.93
 15154 048.83519839 +30.55667481  5.61
 15201 048.98899185 -77.38860498  5.51
 15219 049.05085271 +50.93771066  5.04
 15241 049.14663457 +32.18421948  5.98
 15305 049.36084175 -47.75173770  5.84
 15334 049.44057220 +39.28341373  5.97
 15338 049.44721595 +44.02508193  5.49
 15357 049.51038343 -28.79703600  5.93
 15404 049.65717026 +50.22223526  5.16
 15444 049.78174379 +50.09502752  5.05
 15514 049.98255370 +27.07130717  5.91
 15619 050.27821082 +03.67568149  5.70
 15643 050.35010618 -23.63508924  5.50
 15696 050.54954371 +27.60757659  5.55
 15770 050.80490169 +49.21333010  5.32
 15861 051.07693671 +24.72418789  5.50
 15968 051.40105611 -69.33659399  5.96
 16029 051.59383221 -27.31760910  5.93
 16112 051.88902397 -35.68133899  5.71
 16142 052.00395041 -11.28648689  5.74
 16168 052.08616659 +33.80769703  5.72
 16210 052.21794573 +49.84844583  5.58
 16263 052.40009401 -12.67474889  5.57
 16285 052.47997851 -42.63425261  5.76
 16290 052.49552432 -78.35178497  5.68
 16322 052.60198294 +11.33648129  5.14
 16339 052.65374344 -47.37517410  5.98
 16340 052.65388405 +48.10365477  5.82
 16358 052.68914607 +06.18874381  5.93
 16368 052.71534366 -66.48971810  5.81
 16489 053.08214603 +84.91136314  5.62
 16499 053.10960058 +46.05704336  5.30
 16509 053.14465247 -50.37884857  5.67
 16511 053.14970799 +09.37355768  5.76
 16518 053.16675711 +35.46172039  5.91
 16591 053.39592658 +39.89959026  5.79
 16599 053.41292455 +54.97486087  5.98
 16780 053.99021710 -11.19397792  5.56
 16989 054.62189268 -07.39170945  5.86
 17027 054.75469049 -05.62570656  5.97
 17103 054.96309860 +03.05684307  5.55
 17203 055.28267183 +37.58026421  5.55
 17309 055.57893663 +19.70028593  5.68
 17395 055.89099355 -10.48561144  5.59
 17457 056.12711667 -01.16307844  5.24
 17460 056.13082016 +36.46020384  5.60
 17489 056.20084227 +24.28957712  5.45
 17527 056.29052841 +24.83937337  5.66
 17534 056.31616344 -47.35945424  5.72
 17579 056.47693278 +24.55462128  5.76
 17585 056.50339866 +67.20188088  5.79
 17595 056.53901620 +06.80365522  5.91
 17618 056.61426555 -29.33816606  5.91
 17717 056.91508473 -23.87479582  5.24
 17738 056.98342907 -30.16732063  5.52
 17776 057.08668426 +23.42136355  5.44
 17805 057.16215134 +00.22787124  5.91
 17846 057.28384500 +43.96302293  5.95
 17851 057.29668368 +24.13682565  5.05
 17854 057.30708659 +70.87120237  5.40
 17886 057.38626020 +33.09138142  5.14
 17932 057.51854760 +44.96792105  5.65
 18170 058.29149356 +17.32715595  5.97
 18199 058.38876601 -46.89358860  5.93
 18212 058.41112532 +48.65056848  5.76
 18217 058.42996876 +57.97536931  5.80
 18339 058.81739077 -12.09905104  5.99
 18396 058.99232459 +47.87147012  5.39
 18434 059.11953366 +35.08090840  5.49
 18471 059.21680322 +22.47825021  5.62
 18606 059.71842188 -05.46952376  5.85
 18723 060.16926440 -30.49070974  5.93
 18859 060.65273634 -00.26831052  5.38
 18957 060.93584928 +05.43563754  5.32
 18975 060.98543787 +08.19720135  5.45
 18993 061.04078184 +02.82725258  5.36
 19011 061.09461008 -12.79233884  5.62
 19018 061.11318196 +59.15550819  5.00
 19095 061.40543294 -27.65203636  5.59
 19205 061.75215574 +29.00128762  5.21
 19335 062.15206221 +38.04022796  5.52
 19376 062.25650273 +13.39829829  5.94
 19388 062.29125233 +19.60929366  5.51
 19454 062.50093270 +86.62635165  5.84
 19483 062.59383269 -06.92382327  5.44
 19511 062.69890202 -08.81982097  5.70
 19513 062.70783742 +26.48103948  5.39
 19571 062.90073099 -20.35627812  5.80
 19799 063.65099178 +10.01143911  5.22
 19949 064.17960437 +53.61180318  5.20
 19983 064.28363443 +57.86047655  5.72
 19996 064.33012941 -06.47215975  5.95
 20049 064.49656949 -80.21418106  5.67
 20156 064.80492598 +50.04883763  5.46
 20171 064.85866225 +21.14241058  5.50
 20234 065.04796760 +50.92095135  5.55
 20241 065.06007219 +41.80815345  5.95
 20261 065.15101968 +15.09550358  5.26
 20264 065.16248826 -20.63959902  5.38
 20266 065.16818726 +65.14045287  5.26
 20268 065.17188935 +06.13090686  5.76
 20297 065.24179812 -81.58022679  5.78
 20380 065.46592207 +56.50630039  5.91
 20384 065.47173239 -63.38681514  5.24
 20484 065.85415980 +16.77732694  5.64
 20507 065.92033483 -03.74533244  5.17
 20579 066.12141978 +34.13084080  5.73
 20614 066.23774871 +19.04209230  5.97
 20704 066.52607257 +31.43920664  5.29
 20776 066.76206107 +80.82421018  5.42
 20789 066.82269876 +22.99636881  5.53
 20873 067.09723620 +14.74102599  5.90
 20884 067.13378878 +01.38087416  5.53
 20892 067.16256011 -19.45859808  5.95
 20901 067.20875444 +13.04763905  5.02
 20982 067.50249474 +83.34013144  5.47
 21295 068.53448353 +05.56863495  5.67
 21452 069.10096877 +64.26162001  5.91
 21604 069.56599361 +20.68474222  5.85
 21685 069.83182532 -14.35888729  5.46
 21743 070.02852595 -24.48241131  5.56
 21823 070.35037233 +48.30098864  5.66
 21847 070.45865407 +38.28042013  5.97
 21861 070.51435953 -37.14476616  5.04
 21914 070.69356887 -50.48141805  5.30
 21928 070.72624534 +43.36526451  5.30
 22024 071.02215847 -08.50357425  5.78
 22028 071.03312400 -18.66654311  5.53
 22040 071.08799653 -59.73284052  5.28
 22176 071.56993252 +18.73486237  5.99
 22220 071.68529906 +40.31268034  5.99
 22263 071.90088443 -16.93486728  5.49
 22325 072.13553607 -16.32958093  5.76
 22336 072.15084320 -05.67343877  5.77
 22393 072.30347923 +31.43762493  5.57
 22407 072.32941395 +32.58826794  5.84
 22479 072.54828803 -16.21728342  5.03
 22545 072.78901570 +48.74075831  5.64
 22697 073.19619789 +27.89757233  5.97
 22699 073.19902284 +42.58662591  5.68
 22833 073.69544409 +11.42597336  5.18
 22834 073.69914124 +07.77916325  5.33
 22860 073.77841969 -16.74064825  5.71
 22913 073.95898357 +15.04030639  5.79
 22936 074.02948687 +52.86971717  5.75
 23148 074.71244667 -82.47052255  5.84
 23221 074.96017027 -10.26299266  5.39
 23408 075.45979252 +00.72216704  5.91
 23430 075.54069171 -26.27484321  5.01
 23446 075.59503803 -31.77154017  5.92
 23467 075.67918703 -71.31432608  5.30
 23474 075.68726911 -22.79508768  5.74
 23475 075.68904194 -04.21012550  5.86
 23554 075.97189741 -24.38805735  5.61
 23668 076.31745462 -26.15223983  5.71
 23831 076.85367500 -12.49100914  5.97
 23871 076.95178565 +20.41845485  5.28
 23941 077.18194475 -04.45624625  5.11
 24109 077.67862860 +46.96243511  5.67
 24162 077.82970507 -02.49078592  5.89
 24294 078.20048421 -06.05711381  5.90
 24426 078.62015802 -35.97703069  5.75
 24505 078.85152247 -26.94343723  5.06
 24555 079.01724675 +11.34136954  5.52
 24679 079.41769273 -13.51970778  5.48
 24732 079.55521962 +73.26813649  5.81
 24817 079.79678985 +02.59593601  5.34
 24829 079.84214072 -50.60652008  5.44
 24831 079.84869643 -27.36886420  5.98
 24879 080.00383769 +33.95806265  5.05
 25001 080.30286824 +29.56988462  5.66
 25143 080.70968545 +41.02925326  5.54
 25280 081.11861918 -16.97574213  5.64
 25282 081.12046283 -00.89166902  5.07
 25291 081.16052742 +31.14316298  5.94
 25429 081.58032066 -58.91259871  5.14
 25471 081.70334709 +34.39182774  5.92
 25492 081.78446999 +30.20861412  5.69
 25555 081.94002438 +15.87410386  5.52
 25608 082.06386207 -37.23093130  5.56
 25708 082.34875680 -03.44637074  5.80
 25790 082.60905551 +15.36054290  5.93
 25816 082.70270666 +41.46207800  5.99
 25853 082.78176520 -20.86355455  5.53
 25993 083.21407027 -38.51334582  5.45
 26001 083.24801962 -64.22751422  5.34
 26019 083.28048500 -35.13930773  5.75
 26064 083.38179070 +18.54023092  5.67
 26219 083.81439488 -33.08000909  5.76
 26248 083.86300222 +24.03963793  5.37
 26382 084.26545679 +17.04040910  5.53
 26394 084.28663598 -80.47167450  5.65
 26460 084.43601282 -28.68979391  5.28
 26487 084.50463493 +07.54145541  5.87
 26545 084.68136124 -40.70735801  5.81
 26606 084.82630420 +29.21523028  5.98
 26624 084.87980519 -03.56470944  5.99
 26649 084.95771446 -32.62913912  5.44
 26762 085.27328514 +00.33768602  5.93
 26865 085.55815990 -22.37373687  5.88
 26868 085.56329561 -34.66793677  5.29
 26882 085.61020131 +65.69770140  5.62
 26966 085.84024542 -18.55744324  5.73
 27196 086.47520331 +49.82628283  5.46
 27249 086.62653944 +56.11571824  5.93
 27253 086.64566124 +01.16853796  5.95
 27338 086.85915586 +17.72915270  5.47
 27435 087.14543446 -04.09408727  5.97
 27533 087.47295636 -22.97192372  5.87
 27566 087.56999717 -79.36152292  5.46
 27581 087.62043148 +14.30569894  5.54
 27588 087.62510583 +02.02471682  5.97
 27621 087.72174399 -52.10868730  5.16
 27713 088.03221102 -09.04197853  5.95
 27737 088.08409189 -57.15600008  5.93
 27743 088.09292572 +14.17179382  5.60
 27747 088.09753810 +19.86785634  5.96
 27947 088.70878524 -52.63607272  5.29
 27971 088.74093802 +59.88841219  5.20
 27973 088.74591834 +31.70193276  5.90
 28011 088.87564797 -04.61649597  5.87
 28098 089.08726177 -31.38245487  5.52
 28110 089.11681496 +09.50941963  5.97
 28139 089.20578119 +11.52119572  5.89
 28287 089.65648606 -44.03458558  5.81
 28325 089.76794851 -09.55813955  5.04
 28343 089.84076564 +49.92454610  5.90
 28484 090.20499138 -51.21655276  5.65
 28499 090.24399472 +47.90197432  5.71
 28691 090.86400112 +19.69061033  5.14
 28812 091.24244795 +05.41997005  5.67
 28814 091.24316628 +04.15867686  5.63
 28823 091.26425064 +42.98198550  5.90
 28854 091.36258158 -10.24265912  5.88
 28855 091.36320378 -35.51368651  5.80
 28899 091.52304862 -29.75852227  5.79
 28909 091.53900939 -66.03968885  5.72
 28946 091.64620701 +38.48277233  5.35
 28991 091.76401174 -62.15441128  5.04
 29034 091.88180046 -37.25292114  5.00
 29134 092.18476724 -68.84345717  5.06
 29150 092.24111381 -22.42728352  5.49
 29205 092.39389063 -14.58469045  5.56
 29246 092.49581101 +58.93564864  5.35
 29271 092.55918047 -74.75252790  5.08
 29294 092.64452684 -27.15420421  5.72
 29379 092.88460504 +24.42037914  5.83
 29575 093.47601857 -03.74142288  5.83
 29692 093.82379533 -18.47701325  5.99
 29716 093.89315534 -00.51165873  5.62
 29735 093.93699498 -13.71838696  5.00
 29736 093.93735931 +12.55107067  5.44
 29842 094.25512509 -37.73764950  5.54
 29852 094.28988535 -37.25344284  5.88
 29895 094.42388578 -16.81591325  5.15
 29996 094.71075178 -09.38996323  5.36
 30069 094.92063879 -34.39659537  5.76
 30247 095.44211705 +53.45239515  5.34
 30342 095.73278618 -56.36992070  5.60
 30457 096.04313846 -11.53000982  5.21
 30463 096.05783068 -60.28139797  5.78
 30545 096.31836214 -00.94535265  5.88
 30565 096.36937934 -69.69078672  5.37
 30651 096.60776525 +56.28504370  5.53
 30666 096.66496281 -01.50726444  5.87
 30703 096.76723213 -58.00210529  5.82
 30717 096.80733207 +00.29926632  5.19
 30728 096.83531772 +02.90825624  5.55
 30827 097.14203636 +30.49306993  5.75
 30836 097.15587229 -17.46603282  5.76
 30932 097.36891553 -56.85284448  5.20
 31072 097.80457202 -35.25886111  5.82
 31079 097.82591372 -51.82620719  5.58
 31119 097.95120180 +11.54434340  5.22
 31159 098.08010878 +04.85599529  5.88
 31165 098.08888798 -37.69651376  5.25
 31173 098.11334517 +32.45494059  5.82
 31277 098.40072046 +14.15537477  5.57
 31362 098.64720407 -32.71626113  5.62
 31434 098.80025751 +28.02234399  5.26
 31446 098.81595606 +00.89022204  5.78
 31583 099.14720939 -05.21110831  5.52
 31665 099.40999549 +56.85750718  5.87
 31688 099.44809882 -32.33989066  5.25
 31789 099.70494411 +39.90258791  5.34
 31870 099.92777365 -30.47002424  5.70
 31897 100.01211946 -80.81372235  5.61
 31946 100.13434964 +71.74875988  5.88
 32104 100.60134402 +17.64551421  5.20
 32226 100.91102453 +03.93253483  5.88
 32366 101.34616795 -31.79292174  5.92
 32411 101.49750507 -14.79608441  5.30
 32439 101.56028979 +79.56627808  5.44
 32474 101.66259605 -10.10736196  5.66
 32489 101.70622699 +57.16927050  5.34
 32492 101.71289080 -14.42599569  5.28
 32562 101.91491974 +48.78946087  5.22
 32617 102.07953302 -01.31883901  5.75
 32740 102.42224358 +32.60687904  5.72
 32765 102.47757095 -46.61547007  5.14
 32938 102.92687429 -36.23012600  5.94
 33024 103.20619730 +08.38044841  5.75
 33077 103.32851233 -19.03277877  5.65
 33184 103.60273751 -01.12696090  5.44
 33277 103.82787799 +25.37563643  5.74
 33377 104.13358487 +46.27398621  5.85
 33384 104.14366809 -79.42018913  5.45
 33415 104.23387146 +46.70553754  5.88
 33421 104.25223594 +33.68103629  5.91
 33914 105.57287660 +15.33606893  5.78
 33927 105.60326930 +24.21544652  5.20
 34002 105.82470567 +09.13834729  5.96
 34017 105.87647681 +29.33909345  5.93
 34086 106.02187558 -05.32397100  5.63
 34105 106.07632905 -56.74973130  5.14
 34267 106.54845981 +34.47408682  5.55
 34349 106.80542082 -51.96838790  5.96
 34387 106.95618723 +07.47129491  5.74
 34624 107.58052770 -27.49152460  5.46
 34670 107.69791141 -48.93257706  5.12
 34722 107.84616679 +26.85666896  5.75
 34724 107.84846508 -00.30190562  5.44
 34758 107.92337859 -20.88311563  5.84
 34819 108.10994955 +24.12870291  5.85
 34987 108.58360689 +03.11142128  5.36
 35005 108.63604311 +12.11586588  5.71
 35044 108.71328410 -27.03792355  5.58
 35084 108.83861519 -52.49951781  5.96
 35127 108.93009963 -10.58360286  5.95
 35136 108.95880519 +47.24041621  5.54
 35146 108.97924939 +59.63809569  5.20
 35180 109.06075146 -15.58565483  5.46
 35304 109.39050118 +52.13111463  5.93
 35341 109.50927066 +40.88336298  5.87
 35384 109.63324602 +49.46474619  5.00
 35393 109.63966607 -39.21030701  5.24
 35427 109.71366298 -26.58587077  5.29
 35476 109.84321714 +02.74071985  5.90
 35487 109.86700585 -16.39491266  5.70
 35509 109.94837319 +07.14309133  5.91
 35589 110.16172862 -52.08592527  5.38
 35615 110.24288294 -14.36048847  5.59
 35643 110.32308085 +45.22817039  5.74
 35712 110.51448965 +00.17712559  5.99
 35749 110.60582057 -05.98280807  5.83
 35846 110.86897550 +25.05060041  5.04
 35907 111.03529509 +40.67244066  5.23
 35941 111.13935024 +27.63781901  5.77
 35951 111.16745993 -16.20142374  5.18
 35987 111.24245464 +11.66955984  5.37
 35998 111.28515547 -13.75197556  5.79
 36039 111.40911866 -79.09420265  5.54
 36055 111.46334907 -05.77495377  5.98
 36114 111.59106537 -51.01849597  5.09
 36156 111.73470421 +20.25758199  5.94
 36236 111.92891065 -22.85919757  5.98
 36258 111.99653073 -29.15590180  5.55
 36393 112.33526392 +28.11840380  5.07
 36399 112.35670842 -07.55147431  5.86
 36444 112.49893731 -52.65128759  5.87
 36528 112.71958057 +68.46572700  5.63
 36616 112.95154548 +17.08622915  5.45
 36641 113.02479230 +01.91448227  5.24
 36721 113.29074012 -24.71078019  5.84
 36723 113.29864650 +03.29027472  5.59
 36732 113.33145749 -19.41235409  5.64
 36760 113.40207910 +15.82669239  5.27
 36778 113.46270622 -36.33840157  5.42
 36848 113.64510631 -27.01244868  5.78
 37031 114.14487545 +05.86210427  5.89
 37043 114.18302388 -48.83016970  5.69
 37046 114.19602820 +55.75515475  5.93
 37140 114.47449454 +48.77391150  5.93
 37174 114.57588221 -48.60144811  5.68
 37329 114.94951052 -38.26067563  5.76
 37345 114.99163231 -37.57941274  5.99
 37441 115.30185616 +48.13185153  5.58
 37478 115.39648613 +03.62482750  5.95
 37590 115.70064325 -26.35125398  5.64
 37606 115.73817103 -45.17177284  5.04
 37664 115.92428224 -40.93332961  5.12
 37710 116.04059732 -36.06271326  5.80
 37853 116.39657467 -34.17655092  5.36
 37891 116.48698643 -14.56382026  5.03
 37921 116.56757952 +10.76831128  5.25
 37949 116.66682971 +65.45563092  5.93
 38146 117.25706910 -24.91224336  5.32
 38167 117.31105571 -35.24330796  5.94
 38210 117.42081658 -66.19597303  5.78
 38211 117.42153403 -17.22812300  5.17
 38267 117.59951934 -50.50936470  5.89
 38375 117.92939105 -21.17374245  5.62
 38427 118.07868058 -14.84617833  5.69
 38497 118.26464297 -36.36377387  5.44
 38656 118.72246913 -57.30288338  5.62
 38712 118.88099024 +08.86305710  5.86
 38722 118.91626746 +19.88406657  5.38
 38848 119.24778711 +15.79038246  5.80
 38917 119.46555642 -45.57774475  5.14
 38994 119.71065387 -60.82448838  5.77
 39023 119.77384363 -23.31040264  5.09
 39191 120.23275932 +25.39282019  5.87
 39221 120.33644785 +59.04731836  5.78
 39236 120.37619077 +16.45532309  5.99
 39251 120.40636615 -37.28373201  5.90
 39527 121.17669801 -50.59039998  5.96
 39567 121.26879080 +13.11837053  5.14
 39734 121.82519225 -20.55434589  5.33
 39780 121.94100510 +21.58197937  5.30
 39957 122.39013231 -56.08547484  5.66
 40107 122.88762397 -07.77247623  5.36
 40155 122.99988027 -46.64436989  5.77
 40215 123.20328577 +68.47405416  5.34
 40240 123.28697716 +29.65658620  5.62
 40305 123.45916037 +56.45231827  5.88
 40344 123.55537215 -35.49007215  5.77
 40646 124.46008016 +59.57112846  5.63
 40678 124.57244799 -35.45170517  5.59
 40680 124.57823985 -65.61324550  5.06
 40693 124.59908460 -12.62976955  5.95
 40772 124.82159867 +62.50713912  5.73
 40793 124.88421821 +75.75686931  5.55
 40843 125.01613464 +27.21862138  5.13
 40866 125.08721890 +20.74783186  5.80
 40875 125.10832165 +57.74324466  5.89
 40881 125.13395549 +24.02235699  5.92
 40932 125.30042487 -57.97323049  5.96
 40944 125.33843502 -20.07901245  5.58
 40990 125.47776027 -17.58630046  5.71
 41081 125.72991589 -52.12377702  5.89
 41117 125.84113148 +18.33228008  5.94
 41152 125.95220483 +53.21995142  5.52
 41191 126.08492509 -80.91471955  5.67
 41211 126.14640836 -03.75117744  5.61
 41242 126.22998546 -23.15381698  5.67
 41321 126.46507032 -64.60065452  5.95
 41328 126.48165253 -14.92975540  5.96
 41395 126.67502883 -12.53453988  5.52
 41451 126.81994813 -70.09359517  5.51
 41483 126.90271156 -53.08853976  5.08
 41578 127.15561552 +14.21085416  5.94
 41676 127.44289151 +67.29741477  5.89
 41816 127.87738017 +24.08121618  5.71
 41909 128.17718645 +20.44127049  5.33
 41935 128.22939892 +38.01678677  5.88
 42008 128.43119460 +04.75701524  5.89
 42028 128.50682149 -02.15160482  5.80
 42080 128.65078050 +65.14527349  5.47
 42090 128.68293147 +36.41971903  5.76
 42146 128.86754708 -07.98233083  5.72
 42147 128.86967445 -26.84353277  5.95
 42265 129.27410956 +09.65559645  5.92
 42365 129.57915784 +32.80202805  5.96
 42372 129.59274761 +53.40157520  5.66
 42438 129.79892615 +65.02069298  5.63
 42452 129.82354649 +52.71169928  5.91
 42604 130.25436677 +45.83378521  5.35
 42679 130.48713962 -45.41072610  5.20
 42795 130.80139680 +12.68087080  5.62
 42917 131.18768592 +10.08171256  5.63
 43026 131.51021822 -02.04876829  5.70
 43082 131.62729635 -45.91251639  5.43
 43121 131.73357081 +12.11007629  5.89
 43142 131.81253189 -01.89705972  5.28
 43148 131.82853523 -46.15542775  5.71
 43305 132.34057358 -03.44297063  5.30
 43325 132.41319515 -40.32015599  5.47
 43352 132.46458755 -32.78040797  5.19
 43370 132.50934024 -29.46301021  5.86
 43531 132.98684264 +43.72649196  5.15
 43550 133.04187782 +42.00288543  5.98
 43553 133.04907327 +45.31290010  5.96
 43587 133.15055377 +28.33138843  5.96
 43644 133.34404121 +61.96221364  5.72
 43669 133.45278722 -60.35393124  5.78
 43797 133.79898826 -54.96554657  5.70
 43834 133.91537004 +27.92756265  5.23
 43894 134.12740931 +40.20156718  5.90
 43903 134.15619484 +64.60403054  5.57
 43908 134.17451360 -85.66323432  5.43
 43923 134.20857178 +45.63175477  5.72
 43932 134.23597642 +32.91058931  5.44
 43970 134.31213728 +15.32271727  5.22
 44001 134.39651273 +15.58123453  5.68
 44024 134.48155402 -48.57293357  5.88
 44075 134.68243659 -16.13324587  5.80
 44256 135.19061260 -60.96384715  5.80
 44356 135.49173102 -00.48284175  5.64
 44405 135.68444595 +24.45293256  5.45
 44406 135.68676211 +07.29826333  5.85
 44504 136.00167862 +54.28387681  5.74
 44613 136.35044363 +48.53035841  5.48
 44798 136.93676819 +10.66821521  5.23
 44818 137.00029758 +29.65422729  5.42
 44897 137.21335301 +33.88249742  5.95
 44923 137.26770246 -18.32859911  5.73
 44936 137.29792608 -12.35770752  5.76
 44961 137.39824927 -08.78763061  5.47
 45158 137.99487892 -19.74774055  5.72
 45219 138.23176998 -59.41396656  5.54
 45270 138.39364708 -47.33843989  5.92
 45328 138.57510250 -55.56970109  5.26
 45461 138.96979130 +72.94646226  5.93
 45526 139.17240336 -08.74475953  5.49
 45544 139.23791125 -39.40145479  5.31
 45559 139.28221716 -14.57405765  5.83
 45585 139.36514198 -74.73467629  5.86
 45590 139.37985665 +46.81719916  5.96
 45631 139.52454326 -51.05089519  5.26
 45675 139.67650557 -51.56065990  5.83
 45920 140.45878607 -55.51487092  5.61
 45962 140.59997928 -46.04750246  5.74
 46101 141.02289906 -61.64878694  5.99
 46107 141.04053926 -80.78720514  5.34
 46358 141.77707532 -71.60209195  5.46
 46460 142.12749104 -66.70198874  5.90
 46482 142.19660989 -62.27320340  5.91
 46594 142.52136650 -51.51719294  5.45
 46618 142.59391346 -15.57719292  5.86
 46734 142.88413622 -31.87183113  5.91
 46813 143.08512296 -19.40032613  5.74
 46880 143.30196880 -21.11575904  5.02
 46897 143.35873201 -22.86401784  5.92
 46982 143.63600852 -05.91480636  5.56
 47013 143.72245250 +72.20586410  5.77
 47187 144.25103185 -25.29684739  5.68
 47189 144.26079440 +16.43795912  5.73
 47199 144.29112334 -32.17861272  5.62
 47205 144.30295211 +06.83577519  5.00
 47224 144.36841333 -36.09599061  5.96
 47267 144.50597591 -43.19086905  5.51
 47300 144.59077851 +40.23976693  5.28
 47498 145.25876248 -57.25944118  5.80
 47570 145.50158521 +39.75796859  5.61
 47594 145.56222108 +69.23770604  5.72
 47654 145.73849356 +72.25268512  5.15
 47701 145.88863057 +29.97472479  5.64
 47717 145.92625551 -53.89136176  5.56
 47956 146.58507788 -76.77598144  5.43
 47960 146.59851244 +01.78568624  5.65
 48113 147.14660351 +46.02123319  5.08
 48191 147.36728577 -37.18678490  5.95
 48287 147.67487458 -46.93400208  5.72
 48348 147.83234215 -46.19395369  5.62
 48390 147.97093576 +24.39579370  5.29
 48613 148.71360230 -50.24397661  5.71
 48682 148.92919035 +49.81979501  5.27
 48734 149.10844321 +08.93310774  5.85
 48748 149.14779191 -33.41854978  5.83
 48802 149.30654965 +57.41835080  5.97
 48833 149.42143543 +41.05569741  5.11
 48883 149.55579541 +12.44483936  5.26
 48893 149.59545794 +72.87959798  5.86
 48982 149.90115690 +29.64532453  5.75
 49065 150.18293561 -82.21474569  5.53
 49164 150.50043754 -60.42089968  5.93
 49339 151.08756962 -24.28559599  5.70
 49363 151.15143814 +53.89172560  5.71
 49809 152.52483143 -12.81565791  5.30
 49844 152.65706616 -41.71493294  5.98
 49893 152.80330481 +37.40197095  5.86
 50027 153.20163836 +04.61469047  5.77
 50070 153.34534010 -51.23293774  5.27
 50083 153.37784420 -66.37283938  5.15
 50303 154.06033082 +29.31055982  5.49
 50336 154.17433140 +25.37069774  5.84
 50414 154.40790248 -08.06892120  5.25
 50448 154.50896089 +65.10837358  5.74
 50456 154.53166913 -28.99202661  5.52
 50480 154.61777521 -41.66849763  5.97
 50493 154.65899399 -56.11067508  5.80
 50685 155.26428436 +68.74773415  5.88
 50786 155.54439708 +41.22986684  5.73
 50860 155.77640700 +33.90815509  5.89
 50885 155.86045025 -04.07404512  5.93
 50888 155.87255727 -38.00970922  5.34
 50935 156.03589322 +33.71853542  5.52
 50993 156.24791990 -58.57631762  5.93
 51362 157.36971129 -02.73904701  5.19
 51384 157.42586771 +84.25210531  5.52
 51420 157.52691646 +38.92514300  5.79
 51491 157.74940778 -13.58846760  5.59
 51502 157.77091914 +82.55853791  5.25
 51610 158.14008597 -44.61845030  5.91
 51623 158.19923561 -58.66675023  5.98
 51685 158.37888150 +34.98870207  5.57
 51775 158.70030655 +06.95361136  5.07
 51814 158.79009325 +57.08254651  5.16
 51912 159.08568462 -59.56429542  5.08
 52004 159.36281779 -58.73334704  5.47
 52136 159.77393431 +53.66849306  5.55
 52139 159.78248119 +37.91011130  5.84
 52340 160.46490038 -79.78330226  5.97
 52353 160.48659345 +65.71646212  5.12
 52405 160.66905761 -59.21576469  5.36
 52457 160.85429114 +23.18838442  5.08
 52478 160.93048735 +57.19932851  5.79
 52487 160.96339384 -64.24905176  5.74
 52678 161.56907694 -64.51458587  5.33
 52686 161.60202972 +18.89162177  5.50
 52689 161.60563681 +14.19480263  5.49
 52737 161.71693697 -17.29683026  5.44
 52742 161.73956163 -56.75719080  5.14
 52827 162.02256620 -59.91916925  5.98
 52841 162.05888249 -31.68785403  5.87
 52911 162.31430258 +10.54526139  5.32
 52948 162.43117856 -09.85262893  5.85
 52965 162.48769199 -34.05819988  5.61
 53043 162.79617975 +56.58223677  5.66
 53064 162.84899001 +59.32024369  5.57
 53154 163.12855279 -57.24041437  5.26
 53316 163.57408704 -13.75805882  5.65
 53377 163.74258356 +34.03490757  5.73
 53394 163.82192922 -60.51720824  5.93
 53426 163.93526063 +33.50699574  5.02
 53449 164.00617929 +06.18538415  5.91
 53530 164.28284129 -50.76504906  5.90
 53721 164.86756582 +40.43012281  5.03
 53762 164.99762038 -43.80713489  5.81
 53838 165.21033423 +39.21213189  5.06
 54049 165.90261410 -00.00083195  5.95
 54137 166.13042166 -47.67918306  5.67
 54255 166.48978075 -27.28781183  5.69
 54461 167.14169012 -61.94717969  5.11
 54477 167.18353198 -28.08061647  5.43
 54561 167.47242253 -32.36745668  5.79
 54746 168.13810684 -49.10107805  5.37
 54849 168.43991709 -00.06950857  5.40
 55016 168.96623670 +13.30759308  5.31
 55086 169.17469204 +49.47627707  5.88
 55249 169.72908955 +01.65053072  5.90
 55280 169.82018140 -64.58259742  5.99
 55581 170.78402208 -56.77936853  5.82
 55598 170.84196837 -18.77990277  5.08
 55650 171.00973642 +01.40776375  5.39
 55657 171.04657107 -72.25660192  5.55
 55756 171.37304571 -36.06310533  5.21
 55779 171.43151730 -63.97231572  5.18
 55797 171.48826775 +55.85034058  5.73
 56035 172.26959813 +61.77778557  5.83
 56146 172.62117030 +18.40973855  5.54
 56148 172.62987804 +43.17304329  5.94
 56250 172.95336415 -59.51564932  5.12
 56287 173.08331854 -66.96183490  5.89
 56445 173.59189996 +03.06041500  5.76
 56452 173.62480364 -32.83334205  5.96
 56497 173.73751871 -49.13694740  5.50
 56510 173.77040437 +54.78537508  5.63
 56573 173.98148244 -47.64152017  5.26
 56583 174.01089937 +69.32325973  5.19
 56656 174.25334034 -61.28344643  5.14
 56675 174.31642653 -75.89654092  5.64
 56700 174.39187576 -47.74737759  5.46
 56727 174.45211345 -67.62035361  5.94
 56754 174.53071631 -61.82655484  5.15
 56770 174.58619878 +43.62551361  5.56
 56975 175.19627319 +21.35284143  5.26
 57013 175.33273307 -43.09567719  5.54
 57111 175.61844968 +66.74480850  5.32
 57175 175.87999922 -62.48939856  5.00
 57477 176.73170252 +55.62826771  5.27
 57670 177.42416287 +34.93173940  5.73
 57741 177.61368682 -62.64938330  5.68
 57791 177.75929508 -05.33333400  5.62
 57841 177.92340338 -30.83409571  5.85
 58082 178.67711574 -25.71406632  5.26
 58103 178.75009496 -63.27917897  5.89
 58110 178.76313138 +08.44390534  5.58
 58181 178.99336544 +56.59856271  5.83
 58188 179.00409802 -17.15080863  5.17
 58379 179.56352995 -56.31731449  5.44
 58427 179.69861981 -64.33955671  5.59
 58510 179.98718202 +03.65521716  5.36
 58576 180.18486353 -10.44483921  5.54
 58654 180.41471830 +36.04227697  5.59
 58720 180.65731961 -69.19227106  5.89
 58803 180.91381150 -42.43378714  5.15
 58952 181.31141141 +76.90595813  5.78
 59151 181.95870080 -75.36706513  5.17
 59184 182.06137370 -48.69247036  5.34
 59229 182.22432744 -44.32588609  5.75
 59232 182.22749200 -41.23158452  5.51
 59309 182.51463175 +05.80696343  5.72
 59394 182.76617138 -23.60237239  5.45
 59501 183.03874666 +20.54210573  5.60
 59504 183.04963833 +77.61619242  5.14
 59517 183.09161030 -62.95077296  5.91
 59608 183.35831031 +10.26236039  5.85
 59728 183.74825968 -20.84423329  5.82
 59746 183.78555700 +70.20007671  5.72
 59819 184.00097886 +14.89914477  5.09
 60030 184.66790853 -00.78714480  5.90
 60044 184.70860512 +75.16055020  5.47
 60170 185.08216696 +26.61975090  5.52
 60329 185.55014315 -68.30719873  5.73
 60379 185.70613474 -57.67610097  5.38
 60425 185.83999906 -24.84062116  5.66
 60449 185.89770601 -35.41265923  5.32
 60463 185.93660912 -38.91135056  5.79
 60514 186.07724865 +26.09861325  5.17
 60595 186.29917028 -11.61051268  5.95
 60610 186.34068272 -35.18640097  5.71
 60646 186.46248809 +39.01869867  5.01
 60735 186.71539248 -32.83004764  5.56
 60855 187.09369113 -39.04113804  5.45
 60941 187.36272398 +24.10892077  5.47
 60957 187.43009821 +20.89618496  5.68
 60978 187.48916244 +58.40552660  5.37
 61071 187.75236725 +24.56718941  5.47
 61136 187.91810373 -59.42391403  5.49
 61158 187.98397037 -63.50589876  5.96
 61181 188.04122968 -73.00104307  5.88
 61212 188.15036083 -13.85897407  5.74
 61296 188.39278750 -12.83032829  5.58
 61309 188.41210253 +33.24766003  5.42
 61318 188.44498858 -09.45207768  5.48
 61420 188.78397424 +21.88143144  5.86
 61468 188.94006062 -41.02194744  5.12
 61558 189.19737813 -05.83185110  5.88
 61720 189.76451917 -30.42234930  5.86
 61724 189.78065686 +21.06258094  5.49
 62027 190.70951152 -63.05861600  5.27
 62058 190.78838403 -56.17619646  5.99
 62103 190.90842535 -01.57681459  5.91
 62207 191.24865101 +39.27857766  5.95
 62267 191.40467529 +07.67331477  5.22
 62402 191.82885595 +62.78113875  5.88
 62500 192.10982759 -27.59723017  5.65
 62512 192.16390269 +60.31989667  5.83
 62541 192.22581729 +14.12263297  5.71
 62608 192.43728988 -71.98624542  5.55
 62641 192.54502356 +37.51688446  5.87
 62703 192.74126496 -52.78739520  5.70
 62732 192.82492384 -60.32978611  5.71
 62786 192.98729210 -39.68038459  5.99
 62894 193.34124905 -60.32848627  5.75
 62931 193.45384782 -60.37624027  5.89
 63033 193.74460949 -44.15140639  5.89
 63076 193.86897970 +65.43854743  5.23
 63165 194.13216726 -72.18518249  5.93
 63210 194.26825217 -51.19871605  5.17
 63432 194.98031630 +66.59730755  5.37
 63533 195.29008399 +17.12320260  5.97
 63901 196.43526005 +35.79885169  5.20
 63972 196.64603079 -41.58840727  5.59
 64003 196.72595485 -35.86182329  5.63
 64053 196.90966874 -53.45971466  5.70
 64078 196.97417871 -10.74038528  5.15
 64122 197.13536674 -08.98422912  5.57
 64179 197.30175990 +10.02246786  5.79
 64348 197.84711464 -43.36850529  5.24
 64466 198.20319288 -66.22676607  5.91
 64577 198.54570701 -19.93133468  5.31
 64580 198.55062387 -58.68390821  5.91
 64587 198.57231883 -78.44744492  5.84
 64725 198.99409266 -19.94282246  5.21
 64803 199.22129667 -31.50607670  5.10
 64822 199.30801256 -43.97944198  5.82
 64906 199.56058516 +49.68201519  5.14
 65072 200.07914877 +40.15055594  5.60
 65144 200.24067905 -46.88005836  5.76
 65198 200.42366137 +02.08737060  5.69
 65241 200.54054052 +05.15485074  5.89
 65247 200.56787422 -52.18295165  5.81
 65301 200.75477211 -17.73520402  5.36
 65420 201.13806845 -05.16392212  5.76
 65466 201.27785348 +23.85443816  5.75
 65468 201.28066834 -74.88749735  5.04
 65522 201.45999506 -70.62725069  5.65
 65535 201.53182918 -39.75496493  5.11
 65545 201.54783683 -01.19248368  5.97
 65550 201.56907049 +46.02810370  5.88
 65595 201.73841524 +78.64379561  5.74
 65790 202.30431766 +10.81839609  5.65
 65810 202.35523124 -51.16511504  5.04
 66065 203.14984195 -28.69271440  5.69
 66098 203.24204653 -10.16490767  5.21
 66198 203.53052101 +55.34844976  5.60
 66320 203.88036281 -05.39639184  5.70
 66427 204.27521642 -44.14316883  5.96
 66435 204.29605970 +71.24226650  5.50
 66563 204.67552479 -29.56067984  5.81
 66634 204.87741499 +52.92107136  5.46
 66681 205.04500863 -64.57655426  5.79
 66753 205.23406365 -85.78599228  5.56
 66763 205.25982195 +22.49583157  5.63
 66798 205.37423739 +64.82243969  5.85
 66849 205.50467442 -58.78704974  5.38
 66878 205.59559926 +82.75251097  5.92
 66903 205.66409991 +78.06432575  5.91
 66907 205.68092115 +34.98899453  5.98
 66924 205.72942795 -41.40095140  5.96
 67057 206.12424684 -16.17905873  5.55
 67143 206.40390701 -26.11598461  5.81
 67194 206.55680620 +41.08884885  5.88
 67210 206.57957701 +38.50365610  5.92
 67239 206.68056228 +25.70238073  5.97
 67292 206.86493683 -50.24932136  5.92
 67384 207.16141241 +31.19011458  5.61
 67485 207.43928514 +61.48954562  5.97
 67782 208.29317893 +28.64806212  5.91
 67787 208.30396336 +17.93285548  5.71
 67836 208.42962680 -53.37328052  5.87
 67848 208.46267613 +53.72869210  5.70
 67929 208.67581845 -01.50307142  5.16
 67973 208.80070669 -52.16076937  5.66
 68079 209.08288902 -46.59272882  5.82
 68092 209.11622242 +01.05054828  5.90
 68269 209.62990869 -24.97217754  5.20
 68276 209.66220328 +21.69632104  5.76
 68333 209.82273625 -50.36960607  5.92
 68390 210.00102545 -25.01017978  5.77
 68498 210.33504074 +08.89490924  5.98
 68670 210.86072926 -56.21338128  5.93
 68815 211.33375541 -76.79667632  5.69
 68940 211.67877719 -09.31352509  5.46
 69415 213.19180466 -27.26110002  5.07
 69493 213.41945412 -00.84512445  5.89
 69536 213.52221581 +12.95957667  5.53
 69598 213.67817566 -41.83744813  5.61
 69658 213.85047098 -18.20066197  5.53
 69929 214.65956766 -18.71588164  5.86
 69995 214.84964562 -37.00280675  5.93
 70012 214.88562263 -02.26534352  5.14
 70035 214.96543244 -61.27275714  5.22
 70243 215.58223947 -34.78679152  5.57
 70363 215.95265857 -53.17620992  5.99
 70384 216.00366765 +08.24400431  5.94
 70400 216.04745973 +05.82011481  5.10
 70469 216.20275252 -24.80626639  5.34
 70492 216.27641298 -68.19532385  5.56
 70602 216.61420112 +19.22683490  5.40
 70791 217.15870008 +49.84496418  5.58
 70894 217.46045655 +00.82891135  5.96
 70987 217.79515011 -38.86977705  5.99
 71115 218.13592482 +22.25996072  5.91
 71184 218.38529489 -54.99861560  5.86
 71571 219.55835502 +18.29853624  5.90
 71573 219.56335468 +54.02338576  5.83
 71618 219.70950726 +44.40454503  5.39
 71759 220.17650164 +13.53436103  5.93
 71783 220.25588965 -36.13484330  5.67
 71837 220.43173137 +11.66093526  5.55
 71974 220.80652349 -24.99773099  5.70
 72154 221.37595224 +00.71729003  5.68
 72210 221.52813497 -23.15286204  5.80
 72250 221.62094963 -47.44107999  5.74
 72323 221.84399993 -25.62423321  5.61
 72357 221.93658830 -26.08747990  5.23
 72378 221.98985195 -26.64613329  5.76
 72487 222.32781437 +46.11639336  5.76
 72567 222.56549508 +23.91176538  5.86
 72573 222.58178099 +82.51248701  5.63
 72582 222.62417599 +37.27181511  5.47
 72934 223.59544161 -11.89833043  5.78
 73036 223.89461516 -60.11389133  5.18
 73087 224.05515840 +14.44626586  5.90
 73095 224.07177099 -52.80956707  5.38
 73100 224.09558479 +49.62899937  5.63
 73166 224.29866769 +16.38813986  5.72
 73369 224.90404577 +39.26523166  5.64
 73415 225.04724166 -77.16052523  5.92
 73493 225.30447474 -38.05831465  5.88
 73507 225.36295558 +60.20442421  5.91
 73540 225.46126796 -83.22777573  5.65
 73566 225.52657921 -28.06052808  5.83
 73634 225.77534828 +35.20577288  5.52
 73771 226.19567959 -83.03826851  5.65
 73776 226.20020549 -64.03137307  5.16
 73909 226.56945460 +54.55628697  5.24
 74006 226.85805467 -49.08863539  5.77
 74087 227.09908475 +26.30118271  5.67
 74184 227.37466411 -67.08412683  5.76
 74224 227.53059680 -38.79246057  5.98
 74239 227.57771621 -26.33260080  5.75
 74296 227.78664063 -84.78782184  5.88
 74596 228.62168817 +29.16422593  5.28
 74605 228.65834777 +67.34767598  5.15
 74689 228.95474940 +00.37210753  5.62
 74896 229.60214092 +20.57280967  5.68
 74950 229.73495651 -40.78816875  5.59
 75043 230.02142169 +51.95848756  5.65
 75178 230.45253799 +32.93366086  5.38
 75181 230.45655596 -48.31695913  5.65
 75256 230.65519206 +62.04716944  5.99
 75308 230.79417262 -60.65710865  5.65
 75352 230.96775654 -12.36941286  5.72
 75761 232.15952692 +01.84216258  5.15
 75944 232.66828146 -16.60945806  5.82
 75974 232.73297739 +64.20850517  5.74
 76106 233.15297100 -19.67036366  5.50
 76133 233.24144948 -01.18629929  5.50
 76243 233.61055153 -09.18334968  5.16
 76311 233.81757086 +53.92213860  5.97
 76376 233.98782390 +54.63056806  5.77
 76424 234.12164831 +16.11909820  5.93
 76425 234.12313310 +10.01045490  5.26
 76509 234.38351097 +54.50878294  5.85
 76532 234.45024464 -23.14151509  5.79
 76534 234.45646241 +40.35328811  5.25
 76568 234.56726549 +46.79799524  5.76
 76569 234.56767525 -21.01615303  5.82
 76594 234.64250158 +50.42335207  5.84
 76716 234.98619135 -59.90781512  5.95
 76866 235.44746556 +12.84753869  5.34
 76877 235.47793121 -76.08186451  5.95
 76878 235.47815864 +18.46389861  5.80
 76939 235.65980143 -37.42489640  5.23
 76957 235.71176316 +52.36083046  5.48
 76996 235.81708657 -84.46550807  5.57
 77048 235.99716849 +32.51582804  5.57
 77060 236.01841829 -15.67267949  5.41
 77163 236.34778279 +05.44732255  5.57
 77227 236.52354097 -01.80411556  5.39
 77277 236.66647764 +62.59969448  5.19
 77336 236.82230086 +14.11527157  5.71
 77412 237.05546553 +13.78933425  5.98
 77442 237.14340120 +28.15677692  5.89
 77464 237.23672761 -03.81852811  5.53
 77541 237.48967022 -48.91238226  5.86
 77578 237.57303895 +02.19662489  5.21
 77660 237.81519764 -03.09042957  5.09
 77738 238.06909055 +55.82658167  5.81
 77811 238.33358671 -20.16699405  5.04
 77858 238.47467996 -24.53309547  5.38
 77859 238.48280036 -23.97803598  5.41
 77909 238.66474184 -25.24367939  5.87
 77982 238.87338903 -68.60298616  5.11
 77984 238.87542764 -26.26592073  5.63
 78045 239.02482214 -60.48230498  5.76
 78132 239.31101948 +14.41426805  5.54
 78168 239.41862315 -20.98302564  5.84
 78246 239.64530965 -24.83142974  5.43
 78436 240.19850629 -08.41132413  5.53
 78442 240.21316189 +04.42718026  5.82
 78481 240.30977487 +17.81802578  5.10
 78649 240.83066182 +36.63181986  5.79
 78661 240.88081682 +76.79388926  5.73
 78868 241.48284121 -72.40107181  5.70
 78877 241.52660087 -23.60624433  5.90
 78893 241.58221690 +67.80998136  5.44
 79007 241.90646234 +09.89176025  5.63
 79098 242.18219664 -23.68535317  5.86
 79137 242.29609713 +06.38050993  5.93
 79153 242.32734737 -57.93417299  5.57
 79199 242.46919686 -33.54569572  5.50
 79280 242.70636884 +75.87753079  5.48
 79302 242.75886281 -29.41600661  5.09
 79320 242.82403118 -41.11949816  5.86
 79387 243.03037216 -08.54757943  5.43
 79497 243.34499914 -55.54084556  5.78
 79596 243.59321316 -33.01104217  5.91
 79666 243.86948873 +18.80829264  5.72
 79689 243.95754643 -57.91222851  5.61
 79797 244.27284183 -67.94107968  5.95
 80054 245.10512753 -55.13967135  5.76
 80161 245.45308916 +69.10941712  5.26
 80208 245.61669217 -49.57229123  5.32
 80337 246.00514651 -39.19298857  5.37
 80351 246.04511352 +06.94817146  5.83
 80375 246.10552808 +55.20504560  5.75
 80460 246.35069083 +37.39407872  5.53
 80480 246.43136816 +78.96360053  5.55
 80672 247.06024024 -37.17981606  5.79
 80675 247.06326516 -58.59970914  5.67
 80782 247.42637688 -46.24321937  5.35
 80793 247.44542879 -14.55089750  5.66
 80843 247.64001746 +20.47934589  5.24
 80874 247.70572277 -61.63348127  5.19
 80991 248.10689767 +60.82334694  5.92
 81007 248.14865065 +05.52122134  5.63
 81141 248.58070589 -70.98806509  5.50
 81252 248.93654572 -65.49532908  5.50
 81289 249.04671628 +46.61332505  5.83
 81305 249.09402476 -42.85885401  5.46
 81437 249.50191391 +56.01538883  5.28
 81710 250.34637667 -68.29609440  5.89
 81729 250.40291009 +26.91698945  5.92
 81733 250.41761484 -49.65154575  5.62
 81734 250.42725289 +01.18110145  5.74
 81741 250.43956303 -33.14562113  5.84
 82135 251.69988126 -39.37689836  5.48
 82171 251.83193375 -58.34139234  5.55
 82402 252.58062783 +07.24770528  5.48
 82493 252.89050874 -41.23053288  5.23
 82504 252.93856397 +24.65641963  5.03
 82621 253.35523754 -20.41548861  5.86
 82716 253.61225569 -42.47887550  5.84
 82730 253.64879810 -06.15392897  5.23
 82764 253.72973020 +20.95848435  5.39
 82902 254.12000822 -52.28364331  5.94
 83057 254.57478718 -50.64109176  5.53
 83196 255.03949377 -24.98893659  5.74
 83235 255.15413916 -35.93397620  5.95
 83313 255.40149728 +33.56826922  5.27
 83367 255.57775223 +25.50537839  5.76
 83491 255.96197569 -38.15248750  5.91
 83535 256.10302112 -57.71210729  5.73
 83635 256.38440349 -00.89206540  5.63
 83854 257.06188469 -17.60896664  5.98
 83896 257.19810689 -30.40356872  5.93
 83947 257.38867303 +40.77701519  5.07
 83962 257.44965775 -10.52303750  5.43
 84150 258.06756446 -39.50677484  5.66
 84183 258.13566410 +62.87422062  5.54
 84401 258.83019699 -33.54841317  5.60
 84551 259.26547645 -32.66270528  5.53
 84656 259.59700051 +38.81121445  5.97
 84690 259.69932810 -44.12970725  5.76
 84691 259.70206340 +28.82298375  5.68
 84821 260.04094409 +25.53764398  5.36
 84949 260.43172028 +39.97480822  5.55
 85068 260.77963562 -56.52555632  5.76
 85139 260.99005723 +08.85258733  5.77
 85157 261.02756159 +22.96037466  5.70
 85162 261.05455256 -44.16250170  5.10
 85169 261.07831712 -60.67376920  5.76
 85185 261.13137304 +16.30107639  5.75
 85290 261.42234840 +60.04834069  5.65
 85379 261.68434277 +48.26007218  5.83
 85382 261.69235534 +34.69569698  5.94
 85442 261.90648805 -29.72448960  5.98
 85537 262.20705273 +00.33057703  5.41
 85543 262.23370580 -36.77826780  5.98
 85699 262.69570753 +86.96802383  5.78
 85715 262.73071285 +31.15810073  5.63
 85751 262.84701749 -56.92095404  5.99
 85790 262.95655998 +28.40743646  5.66
 85888 263.28045982 +41.24359953  5.72
 85889 263.28077941 -41.17305756  5.84
 85912 263.34517510 +19.25689917  5.65
 85922 263.37445668 -05.74457168  5.61
 85930 263.41413313 +16.31770553  5.68
 86182 264.15677461 +48.58547866  5.35
 86219 264.28682150 +72.45575693  5.87
 86248 264.36379930 -50.05948478  5.89
 86254 264.37957747 +24.30996890  5.76
 86266 264.40085142 -15.57103656  5.94
 86305 264.52319296 -54.50007025  5.25
 86313 264.53963734 -10.92624683  5.74
 86552 265.31763202 -46.92181116  5.78
 86575 265.38468625 +06.31316423  5.97
 86731 265.84016161 +24.32764591  5.73
 86782 265.99651272 +53.80175482  5.75
 86796 266.03632110 -51.83358836  5.12
 87074 266.90330267 -14.72578118  5.93
 87158 267.10313561 +20.56542749  5.69
 87194 267.20478791 +25.62296216  5.09
 87212 267.26805764 +50.78054478  5.02
 87234 267.36223704 +76.96227797  5.02
 87308 267.59529976 +29.32202669  5.51
 87472 268.08233216 -34.41683044  5.84
 87558 268.30941640 +06.10125423  5.77
 87728 268.79640765 +72.00513388  5.43
 87747 268.85494207 +26.04997848  5.47
 87777 268.96171591 +22.46422113  5.62
 87812 269.07667921 +00.67035571  5.82
 87836 269.17424596 -28.06534940  5.76
 87847 269.19895085 -04.08180189  5.44
 88012 269.66270935 -28.75907603  5.99
 88380 270.71290783 -24.28242475  5.37
 88469 270.96851862 -24.36072589  5.89
 88636 271.45665820 +32.23072212  5.72
 88684 271.56297335 -04.75117796  5.74
 88694 271.59851342 -36.01980798  5.94
 88788 271.86974331 +43.46203247  5.00
 88816 271.95168241 -17.15430069  5.52
 88836 272.00961362 +36.40171633  5.49
 88899 272.22024304 +20.04528382  5.10
 89008 272.49577622 +36.46625671  5.57
 89042 272.60941453 -62.00276787  5.47
 89047 272.63138418 +54.28595220  5.97
 89065 272.66786991 +03.32426855  5.50
 89099 272.77306755 -41.35902019  5.86
 89439 273.80377287 -20.72826670  5.29
 89448 273.82103715 +68.75596485  5.96
 89507 273.97247295 -44.20649632  5.45
 89587 274.22121187 -03.00673658  5.99
 89605 274.28140609 -56.02331993  5.36
 89925 275.23737263 +29.85879387  5.61
 89935 275.25423981 +28.86983516  5.12
 89968 275.34578527 -18.85998365  5.76
 90052 275.64713837 +12.02964433  5.99
 90067 275.70414875 +17.82657724  5.25
 90096 275.80069792 -12.01470763  5.71
 90124 275.87008800 -36.23800004  5.52
 90133 275.90182621 -75.04432557  5.47
 90191 276.05750733 +39.50724983  5.11
 90260 276.25630334 -30.75640093  5.58
 90313 276.41167222 +08.03202440  5.64
 90342 276.49488169 +29.82898959  5.81
 90414 276.72503769 -48.11710875  5.44
 90485 276.95618477 -29.81690216  5.90
 90497 276.99489066 +06.19416039  5.71
 90541 277.11297477 -38.99556950  5.63
 90606 277.33342045 -80.23255408  5.95
 90637 277.39879328 +23.86620645  5.87
 90642 277.42067689 -01.98522563  5.38
 90647 277.43734872 +77.54706964  5.65
 90662 277.48298947 -47.22051319  5.69
 90687 277.54934640 -18.72857432  5.63
 90762 277.76861912 +16.92860639  5.76
 90844 277.98745241 -01.00296614  5.93
 90887 278.08877815 -39.70390941  5.16
 90991 278.41251698 -14.85359142  5.74
 91105 278.75984804 -10.97719406  5.12
 91118 278.80245637 +18.20339202  5.79
 91315 279.38963009 +62.52646287  5.74
 91322 279.39981039 -00.30942411  5.76
 91347 279.47678201 -21.39756504  5.93
 91405 279.62798112 -23.50484560  5.78
 91438 279.72269706 -21.05150199  5.85
 91461 279.80946248 -47.90980354  5.84
 91854 280.90549491 -64.55131121  5.76
 91883 280.96505950 +31.92691949  5.68
 91974 281.20667981 -25.01086335  5.82
 91975 281.20805403 +02.06007487  5.02
 91989 281.23812444 -39.68617292  5.40
 92056 281.44481933 +74.08535352  5.25
 92112 281.59276611 +75.43379735  5.37
 92133 281.67949234 +52.98797002  5.91
 92202 281.87073367 -05.70507074  5.38
 92226 281.93583145 -40.40612167  5.20
 92294 282.15815797 -65.07748945  5.71
 92308 282.21029394 -43.67999681  5.46
 92312 282.22240149 +19.32877145  5.89
 92367 282.36367328 -45.81023948  5.80
 92382 282.39582542 -43.43404010  5.60
 92488 282.74377104 -09.77410171  5.82
 92549 282.89583932 +52.97452091  5.51
 92614 283.06846943 +21.42516648  5.43
 92646 283.16502568 -52.10713766  5.18
 92747 283.50037663 -21.35979587  5.68
 92814 283.67964704 -15.60302217  5.08
 92872 283.86434313 +06.61550576  5.58
 92882 283.87925799 -16.37618751  5.56
 92931 284.00280341 -23.17371793  5.91
 92937 284.02562647 +18.10579902  5.69
 92953 284.07071918 -42.71060161  5.35
 92969 284.10725292 +65.25815397  5.62
 92997 284.18783092 +57.81499531  5.67
 93051 284.31913909 +02.53537680  5.56
 93057 284.33532364 -20.65633439  5.02
 93104 284.50792438 +38.26618277  5.89
 93179 284.69551472 +13.90677273  5.91
 93256 284.93928575 +26.23043204  5.26
 93287 285.01477683 -66.65351408  5.98
 93340 285.18111302 +55.65831944  5.51
 93393 285.32232152 +26.29143333  5.69
 93498 285.61537869 -24.84639516  5.63
 93552 285.82369335 -38.25318227  5.73
 93580 285.88432906 +01.81893472  5.82
 93667 286.10439624 -31.04703255  5.49
 93713 286.22987335 +53.39660317  5.40
 93815 286.58301929 -52.34063012  5.17
 93843 286.65701713 +28.62838960  5.53
 93845 286.65983699 +24.25075812  5.78
 93862 286.73164713 -48.29911462  5.95
 93996 287.06958032 -19.29028615  5.56
 94013 287.10785255 +52.42586424  5.88
 94068 287.24965607 +06.07339716  5.23
 94083 287.29061868 +76.56079335  5.11
 94150 287.46925968 -68.42434424  5.31
 94157 287.49022490 -41.89222924  5.86
 94302 287.91883762 +56.85909594  5.13
 94311 287.94171276 +31.28346360  5.93
 94385 288.16959861 -07.93950077  5.35
 94490 288.47985288 +57.70525514  5.00
 94556 288.66467390 -45.19343079  5.91
 94620 288.82224652 +21.23209944  5.65
 94727 289.12926242 +04.83482079  5.59
 94834 289.45416014 +11.59539126  5.28
 95073 290.14867994 -00.89216854  5.46
 95077 290.15898277 -22.40260314  5.59
 95188 290.46180286 -18.30816237  5.84
 95222 290.58962436 -00.25227829  5.81
 95261 290.71325245 -54.42372882  5.03
 95352 290.98536934 +43.38823710  5.85
 95557 291.54596470 -15.05325005  5.71
 95560 291.55518356 +20.09782036  5.60
 95564 291.57972363 -21.77668185  5.57
 95572 291.60052721 +13.02365808  5.76
 95619 291.73529268 -29.74310537  5.66
 95656 291.85821062 +52.32050263  5.73
 95732 292.08665305 +02.93006720  5.84
 95793 292.25411887 +01.95052861  5.79
 95822 292.34218384 +14.59607671  5.57
 95823 292.34904557 -43.44491571  5.70
 96014 292.83066458 +50.30659451  5.55
 96016 292.84005924 +26.61710997  5.89
 96141 293.22412548 -53.18560103  5.76
 96178 293.34014279 -45.27168903  5.59
 96234 293.53534254 -40.03463308  5.89
 96258 293.58233594 +51.23707706  5.71
 96288 293.67190527 +42.41258465  5.34
 96327 293.78022188 -10.56043644  5.12
 96406 294.00687266 -24.71901737  5.64
 96459 294.15856119 +44.69518822  5.17
 96496 294.26389422 -18.23101861  5.66
 96536 294.39365282 -14.30144432  5.46
 96556 294.44690167 -04.64750966  5.45
 96620 294.67144862 +54.97339500  5.89
 96693 294.86027686 +42.81821158  5.41
 96760 295.02977888 -23.42905463  5.97
 96977 295.68585235 +32.42674436  5.93
 97077 295.92882357 +25.77187257  5.50
 97122 296.07667340 +69.33711857  5.90
 97229 296.41631572 +07.61315784  5.89
 97260 296.50506632 -31.90853854  5.51
 97421 297.00459018 -56.36227755  5.33
 97534 297.35538694 -72.50341408  5.39
 97634 297.65553824 +40.59977800  5.68
 97635 297.65722388 +52.98816657  5.03
 97749 297.96079231 -39.87433805  5.32
 97757 297.99613200 +47.02734867  5.60
 97765 298.00664208 +24.99217156  5.54
 97783 298.05002110 -19.04486185  5.88
 97871 298.32801307 -03.11449682  5.63
 97980 298.68655124 +00.27365959  5.60
 97985 298.70101118 +36.99565531  5.79
 98085 299.00526400 +16.63481590  5.71
 98103 299.05930285 +11.42370978  5.28
 98174 299.27618092 -58.90131541  5.24
 98234 299.43932749 +16.78911537  5.54
 98258 299.48758471 -15.49126255  5.01
 98325 299.65816165 +30.98367174  5.51
 98332 299.67157464 -69.16371251  5.74
 98375 299.79409487 +23.10127381  5.68
 98470 300.08399517 -33.70274870  5.65
 98478 300.09627712 -66.94888773  5.75
 98512 300.20134846 -45.11293250  5.80
 98624 300.46835033 -66.94379223  5.32
 98633 300.49407171 -13.63724241  5.69
 98754 300.87505300 +16.03127337  5.73
 98767 300.90394052 +29.89807932  5.73
 98823 301.03461172 +07.27793427  5.51
 98920 301.28947757 +19.99087704  5.09
 98962 301.38635475 +61.99524822  5.40
 99171 302.00731244 -00.67802026  5.97
 99404 302.63968695 +26.90413736  5.51
 99738 303.56050449 +28.69486353  5.19
 99825 303.81907470 -27.03253576  5.73
 99853 303.87598846 +23.50892242  5.18
 99889 304.00252971 +45.57965867  5.87
 99951 304.19615246 +24.67114227  5.30
100017 304.37763542 +66.85296587  5.91
100062 304.50573017 -21.80990013  5.86
100108 304.61927485 +36.99975390  5.58
100122 304.66279104 +34.98278431  5.14
100221 304.90290698 +62.25741351  5.71
100256 305.00079670 +13.54810109  5.96
100435 305.51428968 +24.44611603  5.50
100437 305.52227775 +45.79489737  5.58
100541 305.79462251 +05.34307747  5.30
100738 306.36175161 -28.66327932  5.86
100754 306.41884950 +21.40966274  5.68
100859 306.75919090 +49.38322449  5.73
100907 306.89281213 +38.44052275  5.63
101067 307.33495238 +36.45473284  5.90
101260 307.87666197 +74.95465942  5.18
101477 308.47942959 -44.51596141  5.12
101483 308.48748693 +13.02720146  5.39
101716 309.26942755 +26.46197499  5.59
101800 309.45456696 +11.37769664  5.42
101870 309.64578512 +23.68050731  5.91
101899 309.74806489 +30.33442469  5.68
101983 310.00944347 -60.54750937  5.11
101986 310.01339893 +43.45901630  5.97
102014 310.08255226 -33.43193038  5.47
102026 310.13566467 -16.12435941  5.79
102157 310.48776281 -66.76062542  5.14
102162 310.51050472 -76.18056892  5.99
102208 310.64624921 +82.53110584  5.75
102253 310.79576497 +66.65736293  5.59
102487 311.54155712 -21.51399111  5.91
102497 311.58346515 -39.19918925  5.48
102599 311.88981878 +80.55235152  5.36
102772 312.32335608 -25.78119469  5.86
102773 312.32614627 -68.77640032  5.41
102891 312.67375681 -12.54472977  5.87
102949 312.86764739 +28.25051868  5.66
102950 312.87520805 -51.60816692  5.06
103005 313.03622144 -05.50704421  5.55
103094 313.32732775 +45.18168341  5.48
103219 313.68448128 +75.92546706  5.99
103226 313.69938483 -17.92285285  5.78
103294 313.90282903 +13.72156383  5.19
103312 313.95752483 +47.41766542  5.68
103360 314.10786528 +49.19583069  5.92
103371 314.14490863 +44.92472729  5.96
103389 314.19695920 -26.29621951  5.70
103460 314.41922341 -16.03154355  5.89
103519 314.58075681 +44.47154114  5.55
103545 314.67447074 -14.48308081  5.95
103673 315.08985065 -51.26563421  5.76
103836 315.61271790 -38.53055847  5.93
103882 315.74156102 -38.63118269  5.32
103956 315.94827016 +53.28582252  5.93
104043 316.17928592 -77.02286938  5.13
104085 316.30930513 -54.72695035  5.17
104105 316.37171122 +78.12632222  5.91
104148 316.50468134 -30.12495361  5.69
104171 316.59746974 +71.43207905  5.88
104174 316.60283819 -32.34163849  5.20
104185 316.62600709 +31.18466842  5.77
104364 317.13627084 -63.92827112  5.75
104382 317.19172547 -88.95651120  5.45
104680 318.05695050 -40.26882840  5.83
104738 318.26219780 -39.42464394  5.25
104752 318.32890517 -36.42353599  5.97
104963 318.90787714 -20.65169052  5.17
105186 319.61325695 +43.94596690  5.04
105268 319.84255444 +64.87184231  5.19
105411 320.26766229 +23.85625829  5.58
105412 320.26802428 -04.56015214  5.87
105497 320.50160330 +49.38869874  5.68
105665 321.03999238 -20.85156019  5.38
105703 321.14155670 +26.17454472  5.67
105727 321.20583722 +80.52485397  5.97
105761 321.30423875 -09.74814011  5.71
105769 321.33078455 +46.71422433  5.59
105854 321.59479220 -37.82940289  5.64
105898 321.71487481 +48.83510521  5.29
105966 321.91679163 +27.60854356  5.39
105972 321.94232234 +66.80914613  5.42
106003 322.03399511 +32.22513677  5.75
106093 322.36213795 +46.54033179  5.22
106227 322.74705697 +60.45944015  5.53
106327 323.02442135 -41.17933640  5.29
106393 323.23574046 +49.97760064  5.77
106429 323.34805400 -44.84869460  5.57
106559 323.71278777 -20.08438179  5.70
106592 323.82344304 -03.98329291  5.79
106711 324.23740434 +40.41349052  5.04
106787 324.43903480 +19.31857481  5.46
106897 324.75463604 +20.26545357  5.77
107095 325.38722004 -14.04686040  5.16
107230 325.76719016 +72.32018258  5.18
107232 325.76833446 -14.39975885  5.88
107302 326.00407815 -14.74939550  5.96
107350 326.12996019 +14.77221491  5.96
107382 326.25102876 -09.08242443  5.10
107517 326.63366745 -11.36593201  5.57
107575 326.80815996 +02.68613092  5.63
107763 327.46117477 +30.17427852  5.07
107773 327.50054328 -64.71244360  5.62
107975 328.12481712 +28.79369216  5.52
108036 328.32326591 -13.55180134  5.08
108060 328.40569599 +19.66838008  5.69
108102 328.54309196 -04.27595735  5.71
108165 328.72149220 +56.61123260  5.74
108294 329.09495119 -37.25363145  5.45
108339 329.23495325 +12.07652564  5.54
108543 329.82450083 -38.39509330  5.50
108691 330.27087929 +00.60474348  5.60
108772 330.51906636 +58.00037041  5.55
108868 330.81846358 -06.52242698  5.55
108875 330.82925888 +11.38655605  5.83
108991 331.19764106 -00.90623994  5.29
109023 331.29714774 +26.67361826  5.75
109056 331.39439437 +28.96400385  5.69
109209 331.86882240 +19.47543631  5.74
109240 331.95971953 +21.70309155  5.79
109404 332.48213069 -34.01503553  5.37
109466 332.64043335 -04.26686395  5.98
109556 332.87743467 +59.41451451  5.05
109577 332.96388678 +16.04059653  5.93
109654 333.19921276 +34.60471273  5.34
109693 333.29239384 +86.10785672  5.27
109730 333.41104240 +28.60802681  5.87
109737 333.43494738 -25.18092537  5.58
109745 333.45491277 +45.44060328  5.53
109831 333.68471113 +42.95396372  5.72
109972 334.11046921 +57.22022542  5.88
109973 334.11070233 -41.62720198  5.11
110000 334.20018136 -12.83144751  5.34
110009 334.21916736 -09.04003734  5.80
110023 334.27709235 -05.38721152  5.75
110078 334.46123241 -77.51158803  5.49
110103 334.55247853 +62.80436392  5.75
110179 334.75290198 -13.30497087  5.96
110256 335.00616756 -80.43964301  5.09
110273 335.04961499 -07.82110592  5.35
110391 335.39823108 -21.59802435  5.12
110529 335.87827430 -24.76265507  5.53
110532 335.88397901 -07.19444293  5.92
110602 336.11262494 -13.52940359  5.76
110668 336.29329897 -70.43147060  5.78
110725 336.50326220 +70.77088542  5.47
110787 336.67685952 +78.78594317  5.83
110817 336.77213047 +65.13227452  5.52
110935 337.15600483 -67.48888731  5.56
110992 337.29254382 +26.76320924  5.79
111045 337.44142048 -27.10723481  5.95
111056 337.47070072 +78.82433733  5.45
111068 337.50746956 +32.57267245  5.64
111196 337.90761619 -85.96740206  5.76
111242 338.06781235 +76.22646833  5.70
111362 338.41902799 +56.62463722  5.72
111449 338.67291135 -20.70785949  5.21
111515 338.90149675 -23.99107868  5.97
111532 338.94073618 +73.64312707  5.08
111797 339.66272750 +63.58452120  5.19
111809 339.71443125 -33.08138295  5.66
111925 340.07667029 +53.84597214  5.94
111934 340.09324845 -30.65836159  5.88
112041 340.39975815 +41.54897766  5.93
112067 340.48916113 +14.51644444  5.92
112417 341.54210525 +44.54597654  5.84
112529 341.88828134 -19.61287445  5.24
112590 342.04611234 +37.41684226  5.82
112731 342.44261913 +55.90268437  5.43
112862 342.83726823 -29.53627381  5.99
112935 343.09902715 +09.83555733  5.16
112997 343.25949461 +16.84126106  5.86
113031 343.36954639 -11.61651887  5.80
113084 343.52879493 +40.37683633  5.82
113148 343.69002010 -16.27174207  5.53
113174 343.76076644 +37.07680479  5.91
113307 344.19925894 -47.96922586  5.72
113357 344.36604441 +20.76868410  5.45
113532 344.89901144 -29.46232352  5.51
113561 345.02126622 +56.94538131  5.10
113562 345.02402543 -25.16398677  5.66
113686 345.38209154 -04.71147966  5.94
113801 345.68453003 -20.87039619  5.97
113860 345.87401266 -34.74961718  5.12
113864 345.88686782 +67.20918487  5.25
113902 345.99845700 -41.47903194  5.79
113969 346.21728516 -68.82037973  5.53
114189 346.86936478 +21.13437231  5.97
114210 346.93853339 +49.29545491  5.68
114273 347.17017174 +02.12761798  5.42
114389 347.50612955 +09.82210111  5.39
114430 347.61401487 +43.54473662  5.91
114520 347.93414513 +08.72012785  5.15
114745 348.65423592 +74.23125488  5.89
114775 348.74389520 -41.10512524  5.77
114822 348.89277051 -03.49637244  5.56
114831 348.90711543 +70.88808538  5.55
114948 349.23945138 -62.00113447  5.64
115054 349.54077554 -40.82406346  5.54
115065 349.59721541 +41.77370255  5.98
115152 349.87411644 +48.62519601  5.44
115227 350.08557117 +05.38145156  5.05
115312 350.31462908 -26.98674162  5.65
115591 351.21175378 +32.38487495  5.56
115620 351.33072811 -56.84893507  5.60
115713 351.65226789 -52.72191900  5.53
115746 351.74966274 +87.30745696  5.56
115755 351.78054498 +42.91196859  5.75
115769 351.81222494 -58.47627854  5.63
115770 351.81840911 +70.35979323  5.60
115806 351.91820403 +25.16736870  5.99
115836 352.01486122 -87.48224182  5.50
116076 352.82165645 +39.23640180  5.22
116250 353.33143988 -77.38533173  5.82
116323 353.53731060 -01.24753498  5.91
116354 353.65646146 +40.23655244  5.55
116355 353.65919426 +33.49727590  5.63
116495 354.09727881 +02.10207138  5.68
116653 354.59870499 -76.86950742  5.99
116709 354.78478065 +50.47173744  5.35
116714 354.79233254 +75.29284842  5.95
116728 354.83819674 +74.00261499  5.98
116768 354.97911505 +09.67732079  5.99
116820 355.15921709 -32.07299489  5.30
116918 355.48627544 +07.25064591  5.89
117089 356.05025914 -18.27692862  5.24
117125 356.16950877 -78.79144467  5.74
117265 356.65302168 +66.78225128  5.95
117314 356.81642211 -11.91089898  5.74
117371 356.97811533 +67.80681263  5.05
117491 357.36448204 +01.07619547  5.77
117500 357.41396883 +28.84232813  5.95
117503 357.42066699 +36.42539712  5.86
117541 357.56103429 -09.97432690  5.93
117689 358.02789102 -82.01876765  5.10
117722 358.12520105 -14.25120700  5.85
117730 358.15465752 +10.94732837  5.30
117756 358.21038458 -08.99669856  5.76
118077 359.28539105 +55.70573518  5.57
118092 359.33241721 -62.95661191  5.95
118114 359.38745413 -82.16974335  5.72
118121 359.39571557 -64.29808259  5.00
118234 359.73218118 -52.74595629  5.13
